27 81 11 96 27 81 11 96 27 81 11 96 27 81 11 96 11 96 31 76 11 96 31 76 11 96 31 76 11 96 31 76
27 81 11 96 27 81 11 96 27 81 11 96 27 81 11 96 11 96 31 76 11 96 31 76 11 96 31 76 11 96 31 76
27 81 11 96 27 81 11 96 27 81 11 96 27 81 11 96 11 96 31 76 11 96 31 76 11 96 31 76 11 96 31 76
27 81 11 96 27 81 11 96 27 81 11 96 27 81 11 96 11 96 31 76 11 96 31 76 11 96 31 76 11 96 31 76
27 81 11 96 27 81 11 96 27 81 11 96 27 81 11 96 11 96 31 76 11 96 31 76 11 96 31 76 11 96 31 76
27 81 11 96 27 81 11 96 27 81 11 96 27 81 11 96 11 96 31 76 11 96 31 76 11 96 31 76 11 96 31 76
27 81 11 96 27 81 11 96 27 81 11 96 27 81 11 96 11 96 31 76 11 96 31 76 11 96 31 76 11 96 31 76
27 81 11 96 27 81 11 96 27 81 11 96 27 81 11 96 11 96 31 76 11 96 31 76 11 96 31 76 11 96 31 76
27 81 11 96 27 81 11 96 27 81 11 96 27 81 11 96 11 96 31 76 11 96 31 76 11 96 31 76 11 96 31 76
27 81 11 96 27 81 11 96 27 81 11 96 27 81 11 96 11 96 31 76 11 96 31 76 11 96 31 76 11 96 31 76
27 81 11 96 27 81 11 96 27 81 11 96 27 81 11 96 11 96 31 76 11 96 31 76 11 96 31 76 11 96 31 76
27 81 11 96 27 81 11 96 27 81 11 96 27 81 11 96 11 96 31 76 11 96 31 76 11 96 31 76 11 96 31 76
27 81 11 96 27 81 11 96 27 81 11 96 27 81 11 96 11 96 31 76 11 96 31 76 11 96 31 76 11 96 31 76
27 81 11 96 27 81 11 96 27 81 11 96 27 81 11 96 11 96 31 76 11 96 31 76 11 96 31 76 11 96 31 76
27 81 11 96 27 81 11 96 27 81 11 96 27 81 11 96 11 96 31 76 11 96 31 76 11 96 31 76 11 96 31 76
27 81 11 96 27 81 11 96 27 81 11 96 27 81 11 96 11 96 31 76 11 96 31 76 11 96 31 76 11 96 31 76
27 81 11 96 27 81 11 96 27 81 11 96 27 81 11 96 11 96 31 76 11 96 31 76 11 96 31 76 11 96 31 76
27 81 11 96 27 81 11 96 27 81 11 96 27 81 11 96 11 96 31 76 11 96 31 76 11 96 31 76 11 96 31 76
27 81 11 96 27 81 11 96 27 81 11 96 27 81 11 96 11 96 31 76 11 96 31 76 11 96 31 76 11 96 31 76
27 81 11 96 27 81 11 96 27 81 11 96 27 81 11 96 11 96 31 76 11 96 31 76 11 96 31 76 11 96 31 76
27 81 11 96 27 81 11 96 27 81 11 96 27 81 11 96 11 96 31 76 11 96 31 76 11 96 31 76 11 96 31 76
27 81 11 96 27 81 11 96 27 81 11 96 27 81 11 96 11 96 31 76 11 96 31 76 11 96 31 76 11 96 31 76
27 81 11 96 27 81 11 96 27 81 11 96 27 81 11 96 11 96 31 76 11 96 31 76 11 96 31 76 11 96 31 76
27 81 11 96 27 81 11 96 27 81 11 96 27 81 11 96 11 96 31 76 11 96 31 76 11 96 31 76 11 96 31 76
27 81 11 96 27 81 11 96 27 81 11 96 27 81 11 96 11 96 31 76 11 96 31 76 11 96 31 76 11 96 31 76
27 81 11 96 27 81 11 96 27 81 11 96 27 81 11 96 11 96 31 76 11 96 31 76 11 96 31 76 11 96 31 76
27 81 11 96 27 81 11 96 27 81 11 96 27 81 11 96 11 96 31 76 11 96 31 76 11 96 31 76 11 96 31 76
27 81 11 96 27 81 11 96 27 81 11 96 27 81 11 96 11 96 31 76 11 96 31 76 11 96 31 76 11 96 31 76
27 81 11 96 27 81 11 96 27 81 11 96 27 81 11 96 11 96 31 76 11 96 31 76 11 96 31 76 11 96 31 76
27 81 11 96 27 81 11 96 27 81 11 96 27 81 11 96 11 96 31 76 11 96 31 76 11 96 31 76 11 96 31 76
27 81 11 96 27 81 11 96 27 81 11 96 27 81 11 96 11 96 31 76 11 96 31 76 11 96 31 76 11 96 31 76
27 81 11 96 27 81 11 96 27 81 11 96 27 81 11 96 11 96 31 76 11 96 31 76 11 96 31 76 11 96 31 76
